{
'precision': [0.001967213114754099, 0.001967213114754099, 0.001967213114754099, 0.001967213114754099, 0.001967213114754099, 0.001967213114754099, 0.001967213114754099, 0.001967213114754099, 0.0018852459016393442, 0.0018032786885245904, 0.0018032786885245904, 0.0018032786885245904, 0.0018032786885245904, 0.0017213114754098357, 0.0017213114754098357, 0.0018032786885245904, 0.0018852459016393442, 0.0018852459016393442, 0.0018852459016393442, 0.0019672131147540984, 0.0019672131147540984, 0.0019672131147540984, 0.0019672131147540984, 0.0019672131147540984, 0.0019672131147540984, 0.0019672131147540984], 

'recall': [0.0011844319758771353, 0.0011844319758771353, 0.0011844319758771353, 0.0011618848687526262, 0.0011618848687526262, 0.0011618848687526262, 0.0011618848687526262, 0.0011618848687526262, 0.001157990939388505, 0.0011417338081006435, 0.0011417338081006435, 0.0011417338081006435, 0.0011417338081006435, 0.0011303494729458165, 0.0011303494729458165, 0.0012328084893392592, 0.0012533002926179478, 0.0012533002926179478, 0.0012533002926179478, 0.0012571942219820691, 0.0012571942219820691, 0.0012571942219820691, 0.0012571942219820691, 0.0012571942219820691, 0.0012571942219820691, 0.0012571942219820691], 

'ndcg': [0.002118208670943139, 0.002676239700499074, 0.002532026210692271, 0.002174514787542556, 0.0023296011676583925, 0.0023328699364742285, 0.0020962613456521804, 0.001983852010112784, 0.0017824487482195072, 0.002031687485127095, 0.002054326704706029, 0.002053933105125685, 0.0018777711135627684, 0.002201066121516945, 0.0019118495898805153, 0.0024360555084053585, 0.0021266339693100686, 0.002066390576518737, 0.0018728188847111677, 0.0021079521104589993, 0.002158673774565557, 0.002243192308564709, 0.002235191218966793, 0.002461562683758529, 0.002457166198346146, 0.00205546424116003]
}
