{
'precision': [0.0026229508196721316, 0.0026229508196721316, 0.0026229508196721316, 0.0026229508196721316, 0.0026229508196721316, 0.0026229508196721316, 0.0026229508196721316, 0.0026229508196721316, 0.0026229508196721316, 0.0026229508196721316, 0.0026229508196721316, 0.0026229508196721316, 0.0026229508196721316, 0.0026229508196721316, 0.0026229508196721316, 0.0026229508196721316, 0.0026229508196721316, 0.0026229508196721316, 0.0026229508196721316, 0.0026229508196721316, 0.0026229508196721316, 0.0026229508196721316, 0.0026229508196721316, 0.0026229508196721316, 0.0026229508196721316, 0.0026229508196721316], 

'recall': [0.0011678697591283147, 0.0011678697591283147, 0.0011678697591283147, 0.0011678697591283147, 0.0011678697591283147, 0.0011678697591283147, 0.0011678697591283147, 0.0011678697591283147, 0.0011678697591283147, 0.0011678697591283147, 0.0011678697591283147, 0.0011678697591283147, 0.0011678697591283147, 0.0011678697591283147, 0.0011678697591283147, 0.0011678697591283147, 0.0011678697591283147, 0.0011678697591283147, 0.0011678697591283147, 0.0011678697591283147, 0.0011678697591283147, 0.0011678697591283147, 0.0011678697591283147, 0.0011678697591283147, 0.0011678697591283147, 0.0011678697591283147], 

'ndcg': [0.003409994513577473, 0.003311381364792656, 0.003393467022840306, 0.0033929630965507888, 0.0034020117319570283, 0.0034020117319570283, 0.0034020117319570283, 0.0034020117319570283, 0.0034020117319570283, 0.0034020117319570283, 0.0034020117319570283, 0.0034020117319570283, 0.0034020117319570283, 0.0034020117319570283, 0.0034020117319570283, 0.0034020117319570283, 0.0034020117319570283, 0.0034020117319570283, 0.0034020117319570283, 0.0034020117319570283, 0.0034020117319570283, 0.0034020117319570283, 0.0034020117319570283, 0.0034020117319570283, 0.0034020117319570283, 0.0034020117319570283]}
