{
'precision': [0.05065573770491803, 0.04762295081967214, 0.04426229508196721, 0.04524590163934427, 0.039426229508196735, 0.038524590163934426, 0.03655737704918033, 0.03237704918032786, 0.02934426229508196, 0.03073770491803278, 0.02745901639344262, 0.029016393442622957, 0.020901639344262302, 0.02967213114754098, 0.020409836065573766, 0.023852459016393445, 0.022377049180327874, 0.023114754098360658, 0.022049180327868855, 0.02516393442622951, 0.02295081967213115, 0.022622950819672128, 0.020327868852459016, 0.022295081967213113, 0.023852459016393445, 0.023934426229508192], 
'recall': [0.051600666345335014, 0.04782551280684654, 0.04192614190046251, 0.04654611280464689, 0.03741379377903832, 0.03699305064710421, 0.03499559116248349, 0.0320189415224897, 0.028941010792519723, 0.02877258804811523, 0.026336274544496517, 0.028325532076962052, 0.019793802790878726, 0.027619668741961038, 0.019978574618677428, 0.0230215940837464, 0.020286065856784448, 0.021419957316715445, 0.01945277674878733, 0.024423259026012892, 0.018266000716100808, 0.022701365839464683, 0.017134063327990265, 0.019551555858892847, 0.020983245872095876, 0.025934635520170786], 
'ndcg': [0.06685975017645658, 0.06281470106085366, 0.05670586435966057, 0.05712932862190208, 0.04895877283897893, 0.04733997466061355, 0.04813301164159091, 0.04338355682951096, 0.0363421124919401, 0.03925577435594879, 0.036558440494370986, 0.03588073105290114, 0.025892836847170194, 0.0396790218769655, 0.02508837734167505, 0.03024897696701967, 0.028374835390493586, 0.029993539780383244, 0.028536846363434426, 0.033481524047520604, 0.0280663739918945, 0.030330892623908173, 0.024891535460159563, 0.028000550324547967, 0.03189778955676058, 0.030147992439261768]
}
